17326
10635
2589
2590
2591
32
15396
15397
15398
15399
15401
15403
15404
15405
15406
15408
16480
16481
16482
16483
8277
8278
8279
8280
8283
8284
8285
8286
8288
8289
8290
8291
8294
8295
3688
3689
3690
3691
8296
8297
11936
11937
11938
11939
11941
11942
11943
11944
11946
11947
11948
11949
11951
11952
11953
11954
2592
5343
5344
5345
5347
5348
5349
13032
13033
13034
13035
1805
1806
1807
14245
10632
6450
6451
6452
6453
6456
6457
6458
6459
6461
6462
6463
6464
6467
6468
6469
6470
5966
5967
5968
5969
5976
5977
5978
10634
10625
10626
10627
10628
10630
10631
1416
1417
1418
1419
10636
10637
10639
10640
10641
9621
9622
9623
9624
9626
9627
9628
9630
9631
9632
9633
14242
9635
9636
9637
14247
14249
14250
14251
14252
14254
17327
17328
17329
5051
5052
5053
5054
14243
14244
988
989
990
991
992
993
994
995
18410
18411
18412
18413
